33.260376	0	0	9	8
-161.389221	1	1	19	18
-15.405212	2	2	29	28
2.929932	3	3	39	38
-15.535034	4	4	49	48
-2.047119	5	5	59	58
33.056274	6	6	69	68
15.673523	7	7	79	78
21.786377	8	8	89	88
-67.317383	9	9	99	98
15.718750	10	10	109	108
112.248230	11	11	119	118
147.376465	12	12	129	128
-47.220581	13	13	139	138
-90.137939	14	14	149	148
82.972534	15	15	159	158
-94.330322	16	16	169	168
13.120972	17	17	179	178
-74.641449	18	18	189	188
-75.382080	19	19	199	198
131.588135	20	20	209	208
70.882507	21	21	219	218
-13.452087	22	22	229	228
2.200989	23	23	239	238
7.810059	24	24	249	248
-75.868225	25	25	259	258
30.600586	26	26	269	268
54.059570	27	27	279	278
79.628418	28	28	289	288
-22.631042	29	29	299	298
-121.720276	30	30	309	308
21.968811	31	31	319	318
-157.737152	32	32	329	328
-244.616119	33	33	339	338
-10.243896	34	34	349	348
-272.671509	35	35	359	358
-118.454346	36	36	369	368
-38.068787	37	37	379	378
-200.115967	38	38	389	388
-102.283020	39	39	399	398
-24.780762	40	40	409	408
-14.775635	41	41	419	418
40.877808	42	42	429	428
70.075134	43	43	439	438
-118.057388	44	44	449	448
-91.828918	45	45	459	458
-454.234070	46	46	469	468
30.177979	47	47	479	478
-15.582764	48	48	489	488
-64.174866	49	49	499	498
-244.859848	50	50	509	508
117.697876	51	51	519	518
30.698486	52	52	529	528
58.557312	53	53	539	538
77.015869	54	54	549	548
-18.520569	55	55	559	558
-173.174835	56	56	569	568
114.370300	57	57	579	578
150.802368	58	58	589	588
-61.308044	59	59	599	598
-16.166443	60	60	609	608
50.988647	61	61	619	618
-27.744934	62	62	629	628
44.932861	63	63	639	638
-19.605835	64	64	649	648
-59.429565	65	65	659	658
34.954346	66	66	669	668
-13.195129	67	67	679	678
-60.358276	68	68	689	688
-195.882233	69	69	699	698
-87.643616	70	70	709	708
-70.489624	71	71	719	718
-71.214905	72	72	729	728
25.463867	73	73	739	738
33.569946	74	74	749	748
136.704407	75	75	759	758
-3.232056	76	76	769	768
94.931396	77	77	779	778
13.064697	78	78	789	788
-131.986267	79	79	799	798
77.131348	80	80	809	808
88.527100	81	81	819	818
81.076660	82	82	829	828
6.113647	83	83	839	838
-59.997253	84	84	849	848
-12.747437	85	85	859	858
-65.241699	86	86	869	868
-9.767029	87	87	879	878
185.402100	88	88	889	888
-121.203186	89	89	899	898
53.520630	90	90	909	908
-26.613403	91	91	919	918
-25.365723	92	92	929	928
-36.422913	93	93	939	938
45.122437	94	94	949	948
-26.625000	95	95	959	958
-15.464783	96	96	969	968
-115.081604	97	97	979	978
-46.959595	98	98	989	988
-59.459229	99	99	999	998
122.010132	100	100	1009	1008
21.650635	101	101	1019	1018
91.489990	102	102	1029	1028
-24.402649	103	103	1039	1038
9.191528	104	104	1049	1048
-233.753662	105	105	1059	1058
-9.556946	106	106	1069	1068
-138.565186	107	107	1079	1078
7.551331	108	108	1089	1088
-82.785156	109	109	1099	1098
108.457642	110	110	1109	1108
85.322021	111	111	1119	1118
-9.809692	112	112	1129	1128
58.116333	113	113	1139	1138
64.733948	114	114	1149	1148
77.124268	115	115	1159	1158
18.077698	116	116	1169	1168
-15.090454	117	117	1179	1178
51.379761	118	118	1189	1188
-19.758118	119	119	1199	1198
-93.614136	120	120	1209	1208
-158.860229	121	121	1219	1218
125.100586	122	122	1229	1228
63.061523	123	123	1239	1238
-21.527405	124	124	1249	1248
-119.994385	125	125	1259	1258
-119.741241	126	126	1269	1268
72.406616	127	127	1279	1278
-30.067322	128	128	1289	1288
-127.408813	129	129	1299	1298
25.207642	130	130	1309	1308
-10.500122	131	131	1319	1318
-48.144470	132	132	1329	1328
-103.645813	133	133	1339	1338
-80.818604	134	134	1349	1348
-3.742798	135	135	1359	1358
167.359253	136	136	1369	1368
-69.190613	137	137	1379	1378
184.705933	138	138	1389	1388
-88.825562	139	139	1399	1398
103.026001	140	140	1409	1408
-4.970764	141	141	1419	1418
-105.227844	142	142	1429	1428
-83.144165	143	143	1439	1438
48.450684	144	144	1449	1448
0.370239	145	145	1459	1458
18.071899	146	146	1469	1468
-75.990234	147	147	1479	1478
163.824341	148	148	1489	1488
-153.624344	149	149	1499	1498
-63.845337	150	150	1509	1508
-31.762878	151	151	1519	1518
18.291626	152	152	1529	1528
-3.561890	153	153	1539	1538
4.039062	154	154	1549	1548
-141.381775	155	155	1559	1558
-29.805847	156	156	1569	1568
18.756348	157	157	1579	1578
-52.220703	158	158	1589	1588
93.491150	159	159	1599	1598
-46.930542	160	160	1609	1608
32.520447	161	161	1619	1618
27.468567	162	162	1629	1628
6.560059	163	163	1639	1638
-5.964111	164	164	1649	1648
16.240723	165	165	1659	1658
-47.685547	166	166	1669	1668
81.914062	167	167	1679	1678
-69.496185	168	168	1689	1688
-10.982849	169	169	1699	1698
-161.971191	170	170	1709	1708
-200.547272	171	171	1719	1718
82.360596	172	172	1729	1728
49.659058	173	173	1739	1738
39.101013	174	174	1749	1748
-13.005615	175	175	1759	1758
34.853699	176	176	1769	1768
-71.519470	177	177	1779	1778
46.921204	178	178	1789	1788
12.426025	179	179	1799	1798
55.220398	180	180	1809	1808
-76.046875	181	181	1819	1818
125.225891	182	182	1829	1828
-89.081970	183	183	1839	1838
-10.652466	184	184	1849	1848
97.454834	185	185	1859	1858
-16.462158	186	186	1869	1868
-40.772217	187	187	1879	1878
27.855469	188	188	1889	1888
-112.076477	189	189	1899	1898
-62.865967	190	190	1909	1908
-78.128052	191	191	1919	1918
-205.768372	192	192	1929	1928
11.177979	193	193	1939	1938
20.619202	194	194	1949	1948
-128.536011	195	195	1959	1958
2.471985	196	196	1969	1968
61.186279	197	197	1979	1978
-44.287659	198	198	1989	1988
43.497864	199	199	1999	1998
12.922424	200	200	2009	2008
38.316895	201	201	2019	2018
6.443481	202	202	2029	2028
230.781738	203	203	2039	2038
-515.707520	204	204	2049	2048
1.690918	205	205	2059	2058
24.312744	206	206	2069	2068
-143.578705	207	207	2079	2078
-7.857666	208	208	2089	2088
85.351196	209	209	2099	2098
-139.597351	210	210	2109	2108
-48.494934	211	211	2119	2118
85.121399	212	212	2129	2128
-10.916077	213	213	2139	2138
215.372803	214	214	2149	2148
20.319824	215	215	2159	2158
-44.311646	216	216	2169	2168
167.742065	217	217	2179	2178
151.111938	218	218	2189	2188
-101.262512	219	219	2199	2198
-36.788696	220	220	2209	2208
-123.602264	221	221	2219	2218
47.941895	222	222	2229	2228
19.975281	223	223	2239	2238
18.296692	224	224	2249	2248
40.780151	225	225	2259	2258
-49.127625	226	226	2269	2268
29.688232	227	227	2279	2278
-61.675842	228	228	2289	2288
-204.998627	229	229	2299	2298
-75.677856	230	230	2309	2308
-106.031372	231	231	2319	2318
135.723267	232	232	2329	2328
3.618958	233	233	2339	2338
-39.830444	234	234	2349	2348
69.412048	235	235	2359	2358
49.998718	236	236	2369	2368
-85.709656	237	237	2379	2378
33.824524	238	238	2389	2388
96.729431	239	239	2399	2398
76.264282	240	240	2409	2408
27.523987	241	241	2419	2418
86.277466	242	242	2429	2428
-15.859619	243	243	2439	2438
-61.462708	244	244	2449	2448
-118.333557	245	245	2459	2458
168.313965	246	246	2469	2468
-39.714294	247	247	2479	2478
-36.631409	248	248	2489	2488
27.781311	249	249	2499	2498
-55.520203	250	250	2509	2508
49.915466	251	251	2519	2518
30.506958	252	252	2529	2528
-140.815796	253	253	2539	2538
-159.744263	254	254	2549	2548
34.228210	255	255	2559	2558
-4.250610	256	256	2569	2568
22.542053	257	257	2579	2578
23.706970	258	258	2589	2588
-151.511536	259	259	2599	2598
-332.089203	260	260	2609	2608
22.278076	261	261	2619	2618
-171.058899	262	262	2629	2628
-63.881104	263	263	2639	2638
117.000793	264	264	2649	2648
19.812073	265	265	2659	2658
81.666321	266	266	2669	2668
102.083374	267	267	2679	2678
-126.441406	268	268	2689	2688
90.015747	269	269	2699	2698
14.149536	270	270	2709	2708
-141.752991	271	271	2719	2718
9.104248	272	272	2729	2728
11.383057	273	273	2739	2738
-15.012695	274	274	2749	2748
-12.360352	275	275	2759	2758
14.592224	276	276	2769	2768
50.312256	277	277	2779	2778
-22.763428	278	278	2789	2788
-139.221375	279	279	2799	2798
-157.026245	280	280	2809	2808
107.427734	281	281	2819	2818
53.374756	282	282	2829	2828
12.529724	283	283	2839	2838
82.668274	284	284	2849	2848
40.833923	285	285	2859	2858
-273.575439	286	286	2869	2868
-45.232330	287	287	2879	2878
31.423218	288	288	2889	2888
2.703552	289	289	2899	2898
43.533447	290	290	2909	2908
-44.388184	291	291	2919	2918
-142.314087	292	292	2929	2928
-131.075562	293	293	2939	2938
2.139404	294	294	2949	2948
138.118469	295	295	2959	2958
30.998962	296	296	2969	2968
-54.219421	297	297	2979	2978
123.059448	298	298	2989	2988
-228.456329	299	299	2999	2998
-85.998291	300	300	3009	3008
166.656738	301	301	3019	3018
119.939331	302	302	3029	3028
-85.486908	303	303	3039	3038
-32.952759	304	304	3049	3048
-187.162231	305	305	3059	3058
-33.155396	306	306	3069	3068
22.046936	307	307	3079	3078
-9.861755	308	308	3089	3088
56.100403	309	309	3099	3098
27.464417	310	310	3109	3108
-5.922119	311	311	3119	3118
-168.588257	312	312	3129	3128
5.623901	313	313	3139	3138
108.402527	314	314	3149	3148
56.957092	315	315	3159	3158
-119.866394	316	316	3169	3168
-1.033447	317	317	3179	3178
104.925537	318	318	3189	3188
-36.562927	319	319	3199	3198
-10.864624	320	320	3209	3208
-106.173340	321	321	3219	3218
77.898254	322	322	3229	3228
-97.855042	323	323	3239	3238
-92.664124	324	324	3249	3248
-84.864929	325	325	3259	3258
1.271301	326	326	3269	3268
72.837097	327	327	3279	3278
-192.976074	328	328	3289	3288
-146.124146	329	329	3299	3298
-61.533386	330	330	3309	3308
130.555664	331	331	3319	3318
-52.507690	332	332	3329	3328
-73.107437	333	333	3339	3338
-59.335327	334	334	3349	3348
-128.701263	335	335	3359	3358
128.581848	336	336	3369	3368
-61.053345	337	337	3379	3378
-115.384216	338	338	3389	3388
59.041138	339	339	3399	3398
-84.616211	340	340	3409	3408
-26.024414	341	341	3419	3418
5.803772	342	342	3429	3428
-104.576111	343	343	3439	3438
172.414917	344	344	3449	3448
65.912842	345	345	3459	3458
-8.056274	346	346	3469	3468
40.451355	347	347	3479	3478
-50.631042	348	348	3489	3488
-62.744141	349	349	3499	3498
57.808044	350	350	3509	3508
-16.615662	351	351	3519	3518
100.794189	352	352	3529	3528
-24.705444	353	353	3539	3538
-30.846069	354	354	3549	3548
106.622131	355	355	3559	3558
26.347839	356	356	3569	3568
-23.544861	357	357	3579	3578
67.203369	358	358	3589	3588
-73.517578	359	359	3599	3598
15.639587	360	360	3609	3608
45.765869	361	361	3619	3618
62.772400	362	362	3629	3628
-48.068848	363	363	3639	3638
15.206848	364	364	3649	3648
-187.151611	365	365	3659	3658
55.999756	366	366	3669	3668
-104.256744	367	367	3679	3678
100.169739	368	368	3689	3688
-44.281311	369	369	3699	3698
111.455811	370	370	3709	3708
18.936707	371	371	3719	3718
74.181274	372	372	3729	3728
-28.247253	373	373	3739	3738
-98.392761	374	374	3749	3748
-3.155701	375	375	3759	3758
-33.669800	376	376	3769	3768
-46.705444	377	377	3779	3778
56.368530	378	378	3789	3788
-34.212219	379	379	3799	3798
75.311462	380	380	3809	3808
78.007568	381	381	3819	3818
143.907043	382	382	3829	3828
-3.035339	383	383	3839	3838
-35.803345	384	384	3849	3848
-35.482849	385	385	3859	3858
4.900146	386	386	3869	3868
-34.338684	387	387	3879	3878
-104.047546	388	388	3889	3888
26.245667	389	389	3899	3898
36.871338	390	390	3909	3908
-16.615112	391	391	3919	3918
17.641846	392	392	3929	3928
-77.269104	393	393	3939	3938
-146.579712	394	394	3949	3948
-124.079468	395	395	3959	3958
63.137146	396	396	3969	3968
-101.685181	397	397	3979	3978
-35.001831	398	398	3989	3988
-165.674530	399	399	3999	3998
-19.148254	400	400	4009	4008
-182.958984	401	401	4019	4018
-64.694641	402	402	4029	4028
35.040588	403	403	4039	4038
-118.583618	404	404	4049	4048
-50.250793	405	405	4059	4058
-36.550842	406	406	4069	4068
-12.974121	407	407	4079	4078
29.470215	408	408	4089	4088
-116.343079	409	409	4099	4098
-18.294373	410	410	4109	4108
-35.889099	411	411	4119	4118
-22.651672	412	412	4129	4128
26.733337	413	413	4139	4138
-81.936523	414	414	4149	4148
-97.658142	415	415	4159	4158
-31.996338	416	416	4169	4168
68.305115	417	417	4179	4178
-31.881897	418	418	4189	4188
-38.083557	419	419	4199	4198
12.210022	420	420	4209	4208
-37.119080	421	421	4219	4218
-55.123840	422	422	4229	4228
119.260376	423	423	4239	4238
33.198792	424	424	4249	4248
60.233826	425	425	4259	4258
-8.959412	426	426	4269	4268
-2.940674	427	427	4279	4278
-92.851593	428	428	4289	4288
10.055115	429	429	4299	4298
239.143188	430	430	4309	4308
7.584106	431	431	4319	4318
-237.178253	432	432	4329	4328
-96.316956	433	433	4339	4338
16.708374	434	434	4349	4348
-237.956665	435	435	4359	4358
-111.173035	436	436	4369	4368
-111.927124	437	437	4379	4378
80.779175	438	438	4389	4388
-76.584045	439	439	4399	4398
53.719055	440	440	4409	4408
-156.898193	441	441	4419	4418
-64.139771	442	442	4429	4428
-28.518188	443	443	4439	4438
-53.134583	444	444	4449	4448
-155.150055	445	445	4459	4458
-25.919922	446	446	4469	4468
-111.106323	447	447	4479	4478
-41.856720	448	448	4489	4488
-46.901917	449	449	4499	4498
-177.132202	450	450	4509	4508
-64.781921	451	451	4519	4518
-52.405334	452	452	4529	4528
-2.973328	453	453	4539	4538
48.524597	454	454	4549	4548
-26.761414	455	455	4559	4558
44.307434	456	456	4569	4568
89.614990	457	457	4579	4578
-6.615723	458	458	4589	4588
-141.616577	459	459	4599	4598
11.031128	460	460	4609	4608
-31.031128	461	461	4619	4618
-36.860901	462	462	4629	4628
222.555969	463	463	4639	4638
108.888306	464	464	4649	4648
31.364441	465	465	4659	4658
-60.514877	466	466	4669	4668
-63.419312	467	467	4679	4678
-43.547729	468	468	4689	4688
-38.230957	469	469	4699	4698
-173.084412	470	470	4709	4708
28.975403	471	471	4719	4718
-31.959717	472	472	4729	4728
-5.409668	473	473	4739	4738
-51.073792	474	474	4749	4748
12.076355	475	475	4759	4758
-63.966858	476	476	4769	4768
-90.063538	477	477	4779	4778
105.939453	478	478	4789	4788
-220.470581	479	479	4799	4798
-20.832642	480	480	4809	4808
5.908997	481	481	4819	4818
-170.089294	482	482	4829	4828
-75.271545	483	483	4839	4838
-11.070801	484	484	4849	4848
69.098938	485	485	4859	4858
-27.860596	486	486	4869	4868
-56.411682	487	487	4879	4878
87.002075	488	488	4889	4888
37.224976	489	489	4899	4898
40.756836	490	490	4909	4908
-92.176819	491	491	4919	4918
-75.699890	492	492	4929	4928
24.469055	493	493	4939	4938
91.055664	494	494	4949	4948
1.226501	495	495	4959	4958
22.178650	496	496	4969	4968
-102.572266	497	497	4979	4978
2.138672	498	498	4989	4988
59.076538	499	499	4999	4998
-142.462646	500	500	5009	5008
-135.457275	501	501	5019	5018
-33.147583	502	502	5029	5028
-171.561523	503	503	5039	5038
-75.656799	504	504	5049	5048
149.688599	505	505	5059	5058
-294.364258	506	506	5069	5068
8.154846	507	507	5079	5078
-13.221863	508	508	5089	5088
-36.306946	509	509	5099	5098
-16.147949	510	510	5109	5108
-20.104919	511	511	5119	5118
-99.774292	512	512	5129	5128
-52.196411	513	513	5139	5138
108.894104	514	514	5149	5148
3.504211	515	515	5159	5158
-22.497620	516	516	5169	5168
-33.359985	517	517	5179	5178
103.218323	518	518	5189	5188
-35.027344	519	519	5199	5198
-49.886719	520	520	5209	5208
5.096313	521	521	5219	5218
-26.129517	522	522	5229	5228
-0.937256	523	523	5239	5238
107.408813	524	524	5249	5248
-118.348114	525	525	5259	5258
69.554199	526	526	5269	5268
-52.518738	527	527	5279	5278
-119.675232	528	528	5289	5288
63.247559	529	529	5299	5298
1.163147	530	530	5309	5308
134.756653	531	531	5319	5318
-133.939026	532	532	5329	5328
-82.897369	533	533	5339	5338
41.300598	534	534	5349	5348
62.974609	535	535	5359	5358
-94.369873	536	536	5369	5368
-124.629211	537	537	5379	5378
-142.475128	538	538	5389	5388
-140.379272	539	539	5399	5398
65.958496	540	540	5409	5408
19.645569	541	541	5419	5418
68.742554	542	542	5429	5428
45.620483	543	543	5439	5438
22.990417	544	544	5449	5448
-44.210815	545	545	5459	5458
-117.352600	546	546	5469	5468
-268.304108	547	547	5479	5478
33.536743	548	548	5489	5488
-74.510437	549	549	5499	5498
50.259033	550	550	5509	5508
50.204468	551	551	5519	5518
129.588379	552	552	5529	5528
101.324341	553	553	5539	5538
57.591309	554	554	5549	5548
-195.845703	555	555	5559	5558
93.474121	556	556	5569	5568
77.119995	557	557	5579	5578
-6.597900	558	558	5589	5588
-160.135803	559	559	5599	5598
55.277588	560	560	5609	5608
-74.376892	561	561	5619	5618
68.155579	562	562	5629	5628
94.224976	563	563	5639	5638
33.997559	564	564	5649	5648
8.447327	565	565	5659	5658
-62.111511	566	566	5669	5668
-185.342316	567	567	5679	5678
-87.912109	568	568	5689	5688
7.535889	569	569	5699	5698
-13.395386	570	570	5709	5708
3.639282	571	571	5719	5718
-122.655090	572	572	5729	5728
88.317627	573	573	5739	5738
-57.689331	574	574	5749	5748
-25.250366	575	575	5759	5758
112.599792	576	576	5769	5768
-7.382996	577	577	5779	5778
-35.527466	578	578	5789	5788
-142.647888	579	579	5799	5798
65.778076	580	580	5809	5808
66.892517	581	581	5819	5818
-146.619019	582	582	5829	5828
-155.896790	583	583	5839	5838
-143.312378	584	584	5849	5848
61.030762	585	585	5859	5858
-101.062317	586	586	5869	5868
95.108765	587	587	5879	5878
125.275513	588	588	5889	5888
-21.429504	589	589	5899	5898
-115.925537	590	590	5909	5908
134.899414	591	591	5919	5918
220.880371	592	592	5929	5928
45.253235	593	593	5939	5938
-83.653809	594	594	5949	5948
90.586792	595	595	5959	5958
128.201660	596	596	5969	5968
149.066528	597	597	5979	5978
113.934204	598	598	5989	5988
-18.481445	599	599	5999	5998
-25.693726	600	600	6009	6008
-103.039490	601	601	6019	6018
98.408875	602	602	6029	6028
-165.305206	603	603	6039	6038
-23.734863	604	604	6049	6048
-9.327148	605	605	6059	6058
39.191345	606	606	6069	6068
39.354187	607	607	6079	6078
2.425537	608	608	6089	6088
-5.773560	609	609	6099	6098
30.129395	610	610	6109	6108
-34.948486	611	611	6119	6118
-34.895569	612	612	6129	6128
-45.094116	613	613	6139	6138
82.459351	614	614	6149	6148
-200.639404	615	615	6159	6158
-110.308350	616	616	6169	6168
104.319641	617	617	6179	6178
-125.317566	618	618	6189	6188
57.825562	619	619	6199	6198
117.547852	620	620	6209	6208
-27.340088	621	621	6219	6218
1.757812	622	622	6229	6228
54.426819	623	623	6239	6238
90.660339	624	624	6249	6248
-15.400146	625	625	6259	6258
-36.314270	626	626	6269	6268
-34.263123	627	627	6279	6278
-9.112976	628	628	6289	6288
-106.898926	629	629	6299	6298
115.482056	630	630	6309	6308
-57.924133	631	631	6319	6318
6.324402	632	632	6329	6328
59.544983	633	633	6339	6338
33.825378	634	634	6349	6348
29.316162	635	635	6359	6358
-92.831604	636	636	6369	6368
-2.953918	637	637	6379	6378
-106.027466	638	638	6389	6388
-86.857605	639	639	6399	6398
161.326538	640	640	6409	6408
1.254517	641	641	6419	6418
91.254639	642	642	6429	6428
-64.927399	643	643	6439	6438
-30.888855	644	644	6449	6448
-1.492615	645	645	6459	6458
33.358643	646	646	6469	6468
-10.983215	647	647	6479	6478
185.567078	648	648	6489	6488
59.858215	649	649	6499	6498
-104.239136	650	650	6509	6508
-108.882751	651	651	6519	6518
-49.276093	652	652	6529	6528
-55.521118	653	653	6539	6538
-54.608154	654	654	6549	6548
-30.674988	655	655	6559	6558
20.280518	656	656	6569	6568
3.498779	657	657	6579	6578
-13.471375	658	658	6589	6588
-42.809937	659	659	6599	6598
104.281311	660	660	6609	6608
74.038696	661	661	6619	6618
198.238281	662	662	6629	6628
-35.626526	663	663	6639	6638
58.508179	664	664	6649	6648
-41.720825	665	665	6659	6658
47.420776	666	666	6669	6668
-48.264526	667	667	6679	6678
188.168945	668	668	6689	6688
-178.578430	669	669	6699	6698
36.801941	670	670	6709	6708
-14.469604	671	671	6719	6718
105.593872	672	672	6729	6728
-18.585510	673	673	6739	6738
-36.735657	674	674	6749	6748
-8.125488	675	675	6759	6758
-206.553101	676	676	6769	6768
51.965271	677	677	6779	6778
-12.732788	678	678	6789	6788
8.732361	679	679	6799	6798
92.268921	680	680	6809	6808
-131.632202	681	681	6819	6818
17.852051	682	682	6829	6828
-188.488281	683	683	6839	6838
26.808777	684	684	6849	6848
58.433350	685	685	6859	6858
-2.883118	686	686	6869	6868
32.306946	687	687	6879	6878
-36.523926	688	688	6889	6888
0.187866	689	689	6899	6898
66.495361	690	690	6909	6908
32.334656	691	691	6919	6918
-34.421326	692	692	6929	6928
68.547668	693	693	6939	6938
-37.851685	694	694	6949	6948
-19.518677	695	695	6959	6958
-26.924561	696	696	6969	6968
-43.248413	697	697	6979	6978
134.459534	698	698	6989	6988
83.407227	699	699	6999	6998
77.247192	700	700	7009	7008
35.404053	701	701	7019	7018
-43.907104	702	702	7029	7028
29.179077	703	703	7039	7038
-3.957703	704	704	7049	7048
100.052551	705	705	7059	7058
-14.375305	706	706	7069	7068
-56.223389	707	707	7079	7078
-112.631714	708	708	7089	7088
24.015869	709	709	7099	7098
113.665771	710	710	7109	7108
92.470093	711	711	7119	7118
-14.152100	712	712	7129	7128
-43.268188	713	713	7139	7138
18.581787	714	714	7149	7148
-67.382935	715	715	7159	7158
-129.909119	716	716	7169	7168
-191.926697	717	717	7179	7178
-63.106750	718	718	7189	7188
-115.867676	719	719	7199	7198
32.268677	720	720	7209	7208
-148.801849	721	721	7219	7218
53.431641	722	722	7229	7228
12.419128	723	723	7239	7238
-89.061035	724	724	7249	7248
45.909973	725	725	7259	7258
84.207092	726	726	7269	7268
46.969849	727	727	7279	7278
120.960571	728	728	7289	7288
14.259399	729	729	7299	7298
-71.159912	730	730	7309	7308
-0.196777	731	731	7319	7318
-222.231903	732	732	7329	7328
98.382812	733	733	7339	7338
140.451660	734	734	7349	7348
-205.395630	735	735	7359	7358
-15.074585	736	736	7369	7368
-117.381714	737	737	7379	7378
-47.904327	738	738	7389	7388
-82.751221	739	739	7399	7398
22.730469	740	740	7409	7408
5.807373	741	741	7419	7418
-65.701538	742	742	7429	7428
-63.620117	743	743	7439	7438
-177.718292	744	744	7449	7448
11.162781	745	745	7459	7458
21.097351	746	746	7469	7468
-28.787781	747	747	7479	7478
98.266235	748	748	7489	7488
101.212158	749	749	7499	7498
-206.658966	750	750	7509	7508
-212.242737	751	751	7519	7518
37.180115	752	752	7529	7528
96.581299	753	753	7539	7538
41.092773	754	754	7549	7548
37.750427	755	755	7559	7558
-210.560669	756	756	7569	7568
42.254944	757	757	7579	7578
-45.574707	758	758	7589	7588
-47.188721	759	759	7599	7598
-41.976379	760	760	7609	7608
-17.570618	761	761	7619	7618
49.478882	762	762	7629	7628
-13.357056	763	763	7639	7638
-121.514648	764	764	7649	7648
156.986450	765	765	7659	7658
-19.872070	766	766	7669	7668
-34.460693	767	767	7679	7678
-134.817139	768	768	7689	7688
48.402344	769	769	7699	7698
-103.147156	770	770	7709	7708
-118.200806	771	771	7719	7718
61.440918	772	772	7729	7728
-18.032593	773	773	7739	7738
-61.123596	774	774	7749	7748
-142.417664	775	775	7759	7758
-39.489563	776	776	7769	7768
66.150330	777	777	7779	7778
55.207458	778	778	7789	7788
-41.490784	779	779	7799	7798
112.217651	780	780	7809	7808
-113.291138	781	781	7819	7818
-157.045654	782	782	7829	7828
-97.128906	783	783	7839	7838
-169.822540	784	784	7849	7848
-65.220093	785	785	7859	7858
46.985107	786	786	7869	7868
-123.467773	787	787	7879	7878
-172.996338	788	788	7889	7888
96.964600	789	789	7899	7898
-164.719360	790	790	7909	7908
162.456543	791	791	7919	7918
-19.577087	792	792	7929	7928
57.754272	793	793	7939	7938
102.031250	794	794	7949	7948
98.741211	795	795	7959	7958
-51.888672	796	796	7969	7968
28.953247	797	797	7979	7978
-51.750916	798	798	7989	7988
30.492188	799	799	7999	7998
48.235901	800	800	8009	8008
-83.246216	801	801	8019	8018
16.430054	802	802	8029	8028
-16.234375	803	803	8039	8038
19.299927	804	804	8049	8048
83.230652	805	805	8059	8058
30.342163	806	806	8069	8068
40.134216	807	807	8079	8078
-88.449341	808	808	8089	8088
164.350525	809	809	8099	8098
-72.470093	810	810	8109	8108
152.233582	811	811	8119	8118
-76.113159	812	812	8129	8128
-140.923401	813	813	8139	8138
-92.523438	814	814	8149	8148
-86.779541	815	815	8159	8158
123.031616	816	816	8169	8168
33.476746	817	817	8179	8178
-157.913391	818	818	8189	8188
9.364441	819	819	8199	8198
-30.465149	820	820	8209	8208
21.311035	821	821	8219	8218
61.692566	822	822	8229	8228
135.858032	823	823	8239	8238
-45.011841	824	824	8249	8248
-159.298859	825	825	8259	8258
139.448486	826	826	8269	8268
-85.693817	827	827	8279	8278
-156.472046	828	828	8289	8288
-139.499329	829	829	8299	8298
-147.707520	830	830	8309	8308
128.624634	831	831	8319	8318
-5.795227	832	832	8329	8328
54.091553	833	833	8339	8338
98.685669	834	834	8349	8348
-33.434631	835	835	8359	8358
-7.259155	836	836	8369	8368
6.821106	837	837	8379	8378
-14.645935	838	838	8389	8388
65.141357	839	839	8399	8398
2.555969	840	840	8409	8408
-23.945862	841	841	8419	8418
29.487671	842	842	8429	8428
-25.550110	843	843	8439	8438
77.511414	844	844	8449	8448
-24.104309	845	845	8459	8458
-357.054901	846	846	8469	8468
-39.164307	847	847	8479	8478
-35.960205	848	848	8489	8488
-235.073761	849	849	8499	8498
42.896484	850	850	8509	8508
45.414307	851	851	8519	8518
82.521667	852	852	8529	8528
-43.780701	853	853	8539	8538
-11.088196	854	854	8549	8548
195.396240	855	855	8559	8558
-31.494751	856	856	8569	8568
-5.690002	857	857	8579	8578
-63.617798	858	858	8589	8588
28.051575	859	859	8599	8598
76.749634	860	860	8609	8608
-46.757202	861	861	8619	8618
67.931152	862	862	8629	8628
-366.713898	863	863	8639	8638
-26.607483	864	864	8649	8648
-78.715698	865	865	8659	8658
-49.757324	866	866	8669	8668
-44.926758	867	867	8679	8678
2.456604	868	868	8689	8688
106.249939	869	869	8699	8698
32.146912	870	870	8709	8708
-14.571777	871	871	8719	8718
29.137634	872	872	8729	8728
-44.346924	873	873	8739	8738
52.168579	874	874	8749	8748
39.984070	875	875	8759	8758
-11.580566	876	876	8769	8768
-146.181152	877	877	8779	8778
-3.599792	878	878	8789	8788
-314.692261	879	879	8799	8798
-107.766541	880	880	8809	8808
-50.381470	881	881	8819	8818
25.725586	882	882	8829	8828
37.832092	883	883	8839	8838
-3.553528	884	884	8849	8848
-9.181030	885	885	8859	8858
20.514893	886	886	8869	8868
54.328918	887	887	8879	8878
66.867126	888	888	8889	8888
-177.637329	889	889	8899	8898
-40.705200	890	890	8909	8908
111.454346	891	891	8919	8918
28.076965	892	892	8929	8928
-335.993500	893	893	8939	8938
3.108643	894	894	8949	8948
-128.673096	895	895	8959	8958
-98.163696	896	896	8969	8968
-17.526855	897	897	8979	8978
-66.077332	898	898	8989	8988
42.592834	899	899	8999	8998
-21.189514	900	900	9009	9008
111.904907	901	901	9019	9018
-74.171875	902	902	9029	9028
15.851440	903	903	9039	9038
30.353271	904	904	9049	9048
6.072083	905	905	9059	9058
-52.582520	906	906	9069	9068
-164.010071	907	907	9079	9078
-121.105591	908	908	9089	9088
5.833496	909	909	9099	9098
111.713806	910	910	9109	9108
-37.597290	911	911	9119	9118
61.111023	912	912	9129	9128
205.836548	913	913	9139	9138
-50.741577	914	914	9149	9148
106.093445	915	915	9159	9158
-6.349976	916	916	9169	9168
-79.799805	917	917	9179	9178
-159.817932	918	918	9189	9188
-27.694824	919	919	9199	9198
3.527771	920	920	9209	9208
25.104797	921	921	9219	9218
18.275452	922	922	9229	9228
-106.522278	923	923	9239	9238
-22.034668	924	924	9249	9248
25.701538	925	925	9259	9258
-46.522461	926	926	9269	9268
30.805969	927	927	9279	9278
9.082825	928	928	9289	9288
88.210510	929	929	9299	9298
-105.714905	930	930	9309	9308
-2.490112	931	931	9319	9318
22.823547	932	932	9329	9328
3.226013	933	933	9339	9338
-30.140259	934	934	9349	9348
4.664795	935	935	9359	9358
-205.038116	936	936	9369	9368
43.051331	937	937	9379	9378
-35.020874	938	938	9389	9388
44.568481	939	939	9399	9398
16.226074	940	940	9409	9408
60.114136	941	941	9419	9418
-21.700195	942	942	9429	9428
-26.270874	943	943	9439	9438
48.999939	944	944	9449	9448
62.584473	945	945	9459	9458
-79.926880	946	946	9469	9468
-50.240906	947	947	9479	9478
6.601929	948	948	9489	9488
-62.546997	949	949	9499	9498
54.916565	950	950	9509	9508
-24.167175	951	951	9519	9518
59.400635	952	952	9529	9528
44.261597	953	953	9539	9538
-75.285522	954	954	9549	9548
-23.961548	955	955	9559	9558
1.592102	956	956	9569	9568
-9.115173	957	957	9579	9578
-119.169586	958	958	9589	9588
28.734863	959	959	9599	9598
-43.077454	960	960	9609	9608
-23.929565	961	961	9619	9618
63.155518	962	962	9629	9628
-117.999878	963	963	9639	9638
78.037598	964	964	9649	9648
85.829834	965	965	9659	9658
-261.462067	966	966	9669	9668
-21.775391	967	967	9679	9678
-148.041199	968	968	9689	9688
-5.978699	969	969	9699	9698
-120.979492	970	970	9709	9708
-322.007080	971	971	9719	9718
26.446228	972	972	9729	9728
-97.392456	973	973	9739	9738
-88.537903	974	974	9749	9748
-456.650665	975	975	9759	9758
74.157593	976	976	9769	9768
-171.535004	977	977	9779	9778
59.874512	978	978	9789	9788
62.310547	979	979	9799	9798
-54.430603	980	980	9809	9808
28.440308	981	981	9819	9818
-86.224609	982	982	9829	9828
-154.635986	983	983	9839	9838
-196.112000	984	984	9849	9848
120.802612	985	985	9859	9858
-88.499573	986	986	9869	9868
-24.409180	987	987	9879	9878
-156.608978	988	988	9889	9888
52.588074	989	989	9899	9898
65.779968	990	990	9909	9908
3.463501	991	991	9919	9918
140.462891	992	992	9929	9928
-316.354126	993	993	9939	9938
22.869934	994	994	9949	9948
65.889404	995	995	9959	9958
-138.371216	996	996	9969	9968
25.754150	997	997	9979	9978
-106.501740	998	998	9989	9988
-35.695312	999	999	9999	9998
-138.335754	1000	1000	10009	10008
20.919861	1001	1001	10019	10018
-34.822693	1002	1002	10029	10028
26.369812	1003	1003	10039	10038
-145.249939	1004	1004	10049	10048
79.292847	1005	1005	10059	10058
75.489319	1006	1006	10069	10068
-85.164185	1007	1007	10079	10078
32.720398	1008	1008	10089	10088
6.936890	1009	1009	10099	10098
88.876038	1010	1010	10109	10108
26.017883	1011	1011	10119	10118
-59.408325	1012	1012	10129	10128
13.847595	1013	1013	10139	10138
23.868530	1014	1014	10149	10148
-87.894958	1015	1015	10159	10158
-44.870667	1016	1016	10169	10168
16.240356	1017	1017	10179	10178
94.156189	1018	1018	10189	10188
-34.979675	1019	1019	10199	10198
87.516235	1020	1020	10209	10208
-122.628296	1021	1021	10219	10218
-10.527100	1022	1022	10229	10228
236.736328	1023	1023	10239	10238
-68.886108	1024	1024	10249	10248
56.989929	1025	1025	10259	10258
52.675232	1026	1026	10269	10268
-104.835693	1027	1027	10279	10278
72.495728	1028	1028	10289	10288
46.129456	1029	1029	10299	10298
91.948364	1030	1030	10309	10308
87.353516	1031	1031	10319	10318
-100.433899	1032	1032	10329	10328
37.952393	1033	1033	10339	10338
-14.274048	1034	1034	10349	10348
-128.908569	1035	1035	10359	10358
-130.753662	1036	1036	10369	10368
-17.877350	1037	1037	10379	10378
59.284668	1038	1038	10389	10388
56.180054	1039	1039	10399	10398
-64.373474	1040	1040	10409	10408
-144.414917	1041	1041	10419	10418
66.446106	1042	1042	10429	10428
-221.950989	1043	1043	10439	10438
-38.273682	1044	1044	10449	10448
24.536865	1045	1045	10459	10458
-49.829224	1046	1046	10469	10468
24.758667	1047	1047	10479	10478
87.783630	1048	1048	10489	10488
-0.282593	1049	1049	10499	10498
77.213989	1050	1050	10509	10508
64.738037	1051	1051	10519	10518
72.827881	1052	1052	10529	10528
-160.472137	1053	1053	10539	10538
-44.855591	1054	1054	10549	10548
143.645935	1055	1055	10559	10558
42.601074	1056	1056	10569	10568
-3.127686	1057	1057	10579	10578
-144.677246	1058	1058	10589	10588
45.908813	1059	1059	10599	10598
-22.693237	1060	1060	10609	10608
85.998169	1061	1061	10619	10618
177.720337	1062	1062	10629	10628
-44.878418	1063	1063	10639	10638
-72.370911	1064	1064	10649	10648
64.698242	1065	1065	10659	10658
-215.143127	1066	1066	10669	10668
44.745789	1067	1067	10679	10678
-9.068665	1068	1068	10689	10688
64.333496	1069	1069	10699	10698
-31.438049	1070	1070	10709	10708
-15.419678	1071	1071	10719	10718
45.619690	1072	1072	10729	10728
-19.460571	1073	1073	10739	10738
-283.630280	1074	1074	10749	10748
33.409119	1075	1075	10759	10758
-339.747223	1076	1076	10769	10768
35.574646	1077	1077	10779	10778
-17.592529	1078	1078	10789	10788
-77.246948	1079	1079	10799	10798
-200.489502	1080	1080	10809	10808
25.547729	1081	1081	10819	10818
57.564453	1082	1082	10829	10828
61.309692	1083	1083	10839	10838
34.266357	1084	1084	10849	10848
-57.606323	1085	1085	10859	10858
-188.900513	1086	1086	10869	10868
-8.155701	1087	1087	10879	10878
10.597961	1088	1088	10889	10888
21.458862	1089	1089	10899	10898
-398.446472	1090	1090	10909	10908
-36.244446	1091	1091	10919	10918
50.363770	1092	1092	10929	10928
-53.404968	1093	1093	10939	10938
-52.638062	1094	1094	10949	10948
-99.333557	1095	1095	10959	10958
-27.185852	1096	1096	10969	10968
-29.505615	1097	1097	10979	10978
-24.018616	1098	1098	10989	10988
9.371338	1099	1099	10999	10998
30.265930	1100	1100	11009	11008
-104.853394	1101	1101	11019	11018
-11.238281	1102	1102	11029	11028
102.790039	1103	1103	11039	11038
5.130737	1104	1104	11049	11048
13.146362	1105	1105	11059	11058
9.967468	1106	1106	11069	11068
-203.546234	1107	1107	11079	11078
-310.086273	1108	1108	11089	11088
158.280823	1109	1109	11099	11098
21.684875	1110	1110	11109	11108
-50.112427	1111	1111	11119	11118
-66.167664	1112	1112	11129	11128
25.488464	1113	1113	11139	11138
-136.256348	1114	1114	11149	11148
102.788391	1115	1115	11159	11158
-76.407898	1116	1116	11169	11168
-29.463684	1117	1117	11179	11178
-57.575317	1118	1118	11189	11188
-71.430542	1119	1119	11199	11198
-37.229858	1120	1120	11209	11208
-179.810944	1121	1121	11219	11218
18.858154	1122	1122	11229	11228
-190.009155	1123	1123	11239	11238
32.530640	1124	1124	11249	11248
26.226013	1125	1125	11259	11258
-31.436829	1126	1126	11269	11268
-34.107727	1127	1127	11279	11278
-45.020874	1128	1128	11289	11288
-89.380005	1129	1129	11299	11298
-39.471375	1130	1130	11309	11308
-164.655090	1131	1131	11319	11318
-227.287720	1132	1132	11329	11328
-2.749023	1133	1133	11339	11338
77.349060	1134	1134	11349	11348
-132.636475	1135	1135	11359	11358
18.409058	1136	1136	11369	11368
-64.335510	1137	1137	11379	11378
-56.081299	1138	1138	11389	11388
-83.970154	1139	1139	11399	11398
45.386841	1140	1140	11409	11408
-27.127441	1141	1141	11419	11418
30.213562	1142	1142	11429	11428
-57.848083	1143	1143	11439	11438
-78.641907	1144	1144	11449	11448
32.336670	1145	1145	11459	11458
113.591431	1146	1146	11469	11468
-50.966980	1147	1147	11479	11478
-87.334229	1148	1148	11489	11488
1.690857	1149	1149	11499	11498
-23.201538	1150	1150	11509	11508
-32.647827	1151	1151	11519	11518
-9.001831	1152	1152	11529	11528
-171.067505	1153	1153	11539	11538
-91.232422	1154	1154	11549	11548
10.303772	1155	1155	11559	11558
41.919861	1156	1156	11569	11568
-155.326599	1157	1157	11579	11578
-74.480347	1158	1158	11589	11588
-8.593506	1159	1159	11599	11598
124.401184	1160	1160	11609	11608
-88.050659	1161	1161	11619	11618
14.233643	1162	1162	11629	11628
-21.066162	1163	1163	11639	11638
103.466248	1164	1164	11649	11648
83.975769	1165	1165	11659	11658
19.105469	1166	1166	11669	11668
-9.738647	1167	1167	11679	11678
76.684082	1168	1168	11689	11688
22.809082	1169	1169	11699	11698
40.621399	1170	1170	11709	11708
-121.914368	1171	1171	11719	11718
111.345825	1172	1172	11729	11728
147.993652	1173	1173	11739	11738
-90.203705	1174	1174	11749	11748
8.709167	1175	1175	11759	11758
51.301575	1176	1176	11769	11768
-40.793213	1177	1177	11779	11778
-46.406494	1178	1178	11789	11788
46.433472	1179	1179	11799	11798
26.822937	1180	1180	11809	11808
22.988220	1181	1181	11819	11818
148.733276	1182	1182	11829	11828
5.098572	1183	1183	11839	11838
-78.003082	1184	1184	11849	11848
-129.315430	1185	1185	11859	11858
-40.657959	1186	1186	11869	11868
77.833862	1187	1187	11879	11878
-14.263428	1188	1188	11889	11888
-59.101074	1189	1189	11899	11898
0.691895	1190	1190	11909	11908
12.115540	1191	1191	11919	11918
18.898132	1192	1192	11929	11928
-21.255066	1193	1193	11939	11938
-91.807983	1194	1194	11949	11948
-15.893494	1195	1195	11959	11958
6.275208	1196	1196	11969	11968
-190.117218	1197	1197	11979	11978
-79.498657	1198	1198	11989	11988
-84.810486	1199	1199	11999	11998
-40.113281	1200	1200	12009	12008
-14.862427	1201	1201	12019	12018
-101.343811	1202	1202	12029	12028
-24.709717	1203	1203	12039	12038
-131.216797	1204	1204	12049	12048
169.273010	1205	1205	12059	12058
-235.314514	1206	1206	12069	12068
74.835449	1207	1207	12079	12078
-33.532959	1208	1208	12089	12088
-162.722046	1209	1209	12099	12098
-173.078979	1210	1210	12109	12108
-47.704163	1211	1211	12119	12118
92.208130	1212	1212	12129	12128
-108.919800	1213	1213	12139	12138
19.407532	1214	1214	12149	12148
113.198120	1215	1215	12159	12158
-146.288361	1216	1216	12169	12168
-126.769928	1217	1217	12179	12178
59.974854	1218	1218	12189	12188
18.438660	1219	1219	12199	12198
1.862183	1220	1220	12209	12208
32.649292	1221	1221	12219	12218
-77.777893	1222	1222	12229	12228
-7.930176	1223	1223	12239	12238
-155.185974	1224	1224	12249	12248
-61.975220	1225	1225	12259	12258
-53.502991	1226	1226	12269	12268
-8.195984	1227	1227	12279	12278
143.100586	1228	1228	12289	12288
40.811401	1229	1229	12299	12298
42.994507	1230	1230	12309	12308
-43.861572	1231	1231	12319	12318
25.370300	1232	1232	12329	12328
62.139038	1233	1233	12339	12338
46.553040	1234	1234	12349	12348
-111.469299	1235	1235	12359	12358
-3.909729	1236	1236	12369	12368
-310.744019	1237	1237	12379	12378
-46.801941	1238	1238	12389	12388
-55.151581	1239	1239	12399	12398
5.147583	1240	1240	12409	12408
28.096680	1241	1241	12419	12418
49.122803	1242	1242	12429	12428
4.845276	1243	1243	12439	12438
-36.157288	1244	1244	12449	12448
-37.623291	1245	1245	12459	12458
32.678711	1246	1246	12469	12468
51.770203	1247	1247	12479	12478
-211.670288	1248	1248	12489	12488
6.451294	1249	1249	12499	12498
-78.212341	1250	1250	12509	12508
6.674805	1251	1251	12519	12518
-77.570068	1252	1252	12529	12528
-86.252502	1253	1253	12539	12538
19.254456	1254	1254	12549	12548
28.763245	1255	1255	12559	12558
115.782898	1256	1256	12569	12568
-59.040222	1257	1257	12579	12578
32.161743	1258	1258	12589	12588
-260.870789	1259	1259	12599	12598
-28.173828	1260	1260	12609	12608
-43.274292	1261	1261	12619	12618
-17.025940	1262	1262	12629	12628
105.742065	1263	1263	12639	12638
41.602966	1264	1264	12649	12648
19.481567	1265	1265	12659	12658
-162.463867	1266	1266	12669	12668
31.991516	1267	1267	12679	12678
-1.461365	1268	1268	12689	12688
36.275513	1269	1269	12699	12698
-14.004822	1270	1270	12709	12708
127.518555	1271	1271	12719	12718
47.169495	1272	1272	12729	12728
86.921997	1273	1273	12739	12738
-145.218506	1274	1274	12749	12748
135.966187	1275	1275	12759	12758
24.388550	1276	1276	12769	12768
-155.383423	1277	1277	12779	12778
-121.182068	1278	1278	12789	12788
-35.080200	1279	1279	12799	12798
85.746460	1280	1280	12809	12808
35.452332	1281	1281	12819	12818
41.010986	1282	1282	12829	12828
144.833618	1283	1283	12839	12838
-36.935852	1284	1284	12849	12848
-9.387390	1285	1285	12859	12858
-135.847534	1286	1286	12869	12868
0.822021	1287	1287	12879	12878
47.747742	1288	1288	12889	12888
79.392334	1289	1289	12899	12898
113.425354	1290	1290	12909	12908
120.304443	1291	1291	12919	12918
-71.888550	1292	1292	12929	12928
-25.419739	1293	1293	12939	12938
-33.741150	1294	1294	12949	12948
-100.278564	1295	1295	12959	12958
-109.723694	1296	1296	12969	12968
-27.138245	1297	1297	12979	12978
-19.028870	1298	1298	12989	12988
-41.518188	1299	1299	12999	12998
16.755432	1300	1300	13009	13008
31.807129	1301	1301	13019	13018
9.293823	1302	1302	13029	13028
-233.421021	1303	1303	13039	13038
-12.644226	1304	1304	13049	13048
69.404419	1305	1305	13059	13058
-15.200317	1306	1306	13069	13068
-43.891205	1307	1307	13079	13078
41.590088	1308	1308	13089	13088
68.593689	1309	1309	13099	13098
64.297363	1310	1310	13109	13108
14.254272	1311	1311	13119	13118
74.030884	1312	1312	13129	13128
-15.838074	1313	1313	13139	13138
-116.256226	1314	1314	13149	13148
-122.355835	1315	1315	13159	13158
-92.542603	1316	1316	13169	13168
30.474915	1317	1317	13179	13178
92.373474	1318	1318	13189	13188
38.144104	1319	1319	13199	13198
-38.349121	1320	1320	13209	13208
160.090759	1321	1321	13219	13218
-110.230133	1322	1322	13229	13228
-125.081848	1323	1323	13239	13238
-28.651245	1324	1324	13249	13248
147.408936	1325	1325	13259	13258
52.578369	1326	1326	13269	13268
113.446106	1327	1327	13279	13278
35.462891	1328	1328	13289	13288
-157.615204	1329	1329	13299	13298
120.456909	1330	1330	13309	13308
68.282715	1331	1331	13319	13318
43.878479	1332	1332	13329	13328
-72.951965	1333	1333	13339	13338
15.061890	1334	1334	13349	13348
159.960083	1335	1335	13359	13358
-128.231689	1336	1336	13369	13368
-98.607178	1337	1337	13379	13378
75.250916	1338	1338	13389	13388
-114.476379	1339	1339	13399	13398
-55.877441	1340	1340	13409	13408
-35.175903	1341	1341	13419	13418
87.764404	1342	1342	13429	13428
-34.911987	1343	1343	13439	13438
33.853638	1344	1344	13449	13448
16.223267	1345	1345	13459	13458
35.046448	1346	1346	13469	13468
-99.071411	1347	1347	13479	13478
-120.475342	1348	1348	13489	13488
-79.019775	1349	1349	13499	13498
-73.794739	1350	1350	13509	13508
-10.958374	1351	1351	13519	13518
-60.319092	1352	1352	13529	13528
150.493530	1353	1353	13539	13538
-99.342896	1354	1354	13549	13548
127.781006	1355	1355	13559	13558
54.008240	1356	1356	13569	13568
127.501465	1357	1357	13579	13578
31.595215	1358	1358	13589	13588
-36.079834	1359	1359	13599	13598
101.065857	1360	1360	13609	13608
-122.227478	1361	1361	13619	13618
-48.836914	1362	1362	13629	13628
-126.541382	1363	1363	13639	13638
26.539124	1364	1364	13649	13648
5.312317	1365	1365	13659	13658
-46.707947	1366	1366	13669	13668
-84.208374	1367	1367	13679	13678
58.181091	1368	1368	13689	13688
-9.418884	1369	1369	13699	13698
9.078979	1370	1370	13709	13708
158.948486	1371	1371	13719	13718
74.971619	1372	1372	13729	13728
20.283020	1373	1373	13739	13738
45.885498	1374	1374	13749	13748
-79.754822	1375	1375	13759	13758
-92.004822	1376	1376	13769	13768
-48.244324	1377	1377	13779	13778
-79.764099	1378	1378	13789	13788
42.978638	1379	1379	13799	13798
-79.931549	1380	1380	13809	13808
-70.291626	1381	1381	13819	13818
-185.786865	1382	1382	13829	13828
-202.923096	1383	1383	13839	13838
-10.111938	1384	1384	13849	13848
-63.940735	1385	1385	13859	13858
-70.241760	1386	1386	13869	13868
-9.069885	1387	1387	13879	13878
35.925415	1388	1388	13889	13888
57.531189	1389	1389	13899	13898
12.283203	1390	1390	13909	13908
8.314392	1391	1391	13919	13918
-55.612366	1392	1392	13929	13928
1.186462	1393	1393	13939	13938
32.614441	1394	1394	13949	13948
53.653931	1395	1395	13959	13958
77.166870	1396	1396	13969	13968
47.727966	1397	1397	13979	13978
-15.209534	1398	1398	13989	13988
42.267700	1399	1399	13999	13998
-58.142578	1400	1400	14009	14008
31.539246	1401	1401	14019	14018
-45.293091	1402	1402	14029	14028
-12.332886	1403	1403	14039	14038
-80.698853	1404	1404	14049	14048
51.382080	1405	1405	14059	14058
76.013123	1406	1406	14069	14068
-14.344910	1407	1407	14079	14078
-20.694397	1408	1408	14089	14088
23.322205	1409	1409	14099	14098
-118.484985	1410	1410	14109	14108
5.758484	1411	1411	14119	14118
-1.410217	1412	1412	14129	14128
87.549011	1413	1413	14139	14138
-68.157043	1414	1414	14149	14148
-74.681335	1415	1415	14159	14158
-159.586243	1416	1416	14169	14168
6.909912	1417	1417	14179	14178
-30.317871	1418	1418	14189	14188
2.250793	1419	1419	14199	14198
-322.155518	1420	1420	14209	14208
87.887451	1421	1421	14219	14218
11.076355	1422	1422	14229	14228
-37.263245	1423	1423	14239	14238
111.855591	1424	1424	14249	14248
-35.890808	1425	1425	14259	14258
-10.940369	1426	1426	14269	14268
4.232117	1427	1427	14279	14278
-114.972717	1428	1428	14289	14288
-20.836975	1429	1429	14299	14298
106.461426	1430	1430	14309	14308
-136.569275	1431	1431	14319	14318
-126.469055	1432	1432	14329	14328
32.417358	1433	1433	14339	14338
158.265747	1434	1434	14349	14348
-50.552795	1435	1435	14359	14358
-170.242859	1436	1436	14369	14368
50.820984	1437	1437	14379	14378
-54.218018	1438	1438	14389	14388
-42.337952	1439	1439	14399	14398
118.627502	1440	1440	14409	14408
-55.075928	1441	1441	14419	14418
24.727905	1442	1442	14429	14428
-73.681641	1443	1443	14439	14438
18.924988	1444	1444	14449	14448
98.679810	1445	1445	14459	14458
64.136414	1446	1446	14469	14468
-81.867798	1447	1447	14479	14478
-63.243317	1448	1448	14489	14488
-28.334534	1449	1449	14499	14498
25.626709	1450	1450	14509	14508
29.546021	1451	1451	14519	14518
-37.025940	1452	1452	14529	14528
191.078491	1453	1453	14539	14538
-86.354492	1454	1454	14549	14548
-77.764526	1455	1455	14559	14558
28.813049	1456	1456	14569	14568
87.243347	1457	1457	14579	14578
-116.394897	1458	1458	14589	14588
-21.623413	1459	1459	14599	14598
-17.546448	1460	1460	14609	14608
60.104614	1461	1461	14619	14618
-19.218811	1462	1462	14629	14628
14.173340	1463	1463	14639	14638
-42.872009	1464	1464	14649	14648
-64.105591	1465	1465	14659	14658
-9.427551	1466	1466	14669	14668
0.955688	1467	1467	14679	14678
-37.041870	1468	1468	14689	14688
-167.086304	1469	1469	14699	14698
-103.673889	1470	1470	14709	14708
64.837952	1471	1471	14719	14718
-74.128235	1472	1472	14729	14728
16.625854	1473	1473	14739	14738
47.678894	1474	1474	14749	14748
8.469727	1475	1475	14759	14758
14.970520	1476	1476	14769	14768
12.303955	1477	1477	14779	14778
6.024536	1478	1478	14789	14788
-37.395538	1479	1479	14799	14798
9.176147	1480	1480	14809	14808
-53.237732	1481	1481	14819	14818
-96.911194	1482	1482	14829	14828
22.703613	1483	1483	14839	14838
-107.100616	1484	1484	14849	14848
130.463135	1485	1485	14859	14858
-13.613525	1486	1486	14869	14868
-69.975952	1487	1487	14879	14878
43.171387	1488	1488	14889	14888
-67.446289	1489	1489	14899	14898
36.702637	1490	1490	14909	14908
-35.151367	1491	1491	14919	14918
-6.491760	1492	1492	14929	14928
-34.891846	1493	1493	14939	14938
-63.953918	1494	1494	14949	14948
-64.649536	1495	1495	14959	14958
-35.723083	1496	1496	14969	14968
8.128540	1497	1497	14979	14978
